   Val-Tyr-Val Trp-Gly  Phe Malto Propanol
1         5.00    0.00 0.00  0.00     0.00
2         0.00    5.00 0.00  0.00     0.00
3         0.00    0.00 5.00  0.00     0.00
4         0.00    0.00 0.00  5.00     0.00
5         0.00    0.00 0.00  0.00     5.00
6         1.25    5.00 3.75  3.75     0.00
7         3.75    1.25 5.00  1.25     0.00
8         2.50    5.00 2.50  1.25     0.00
9         5.00    3.75 2.50  3.75     0.00
10        3.75    3.75 5.00  0.00     1.25
11        6.25    1.25 1.25  0.00     2.50
12        1.25    5.00 2.50  0.00     5.00
13        2.50    6.25 2.50  0.00     2.50
14        5.00    1.25 3.75  1.25     3.75
15        1.25    3.75 2.50  2.50     2.50
16        3.75    3.75 1.25  5.00     1.25
17        2.50    3.75 1.25  1.25     6.25
18        1.25    0.00 5.00  2.50     0.00
19        3.75    0.00 2.50  5.00     0.00
20        2.50    0.00 3.75  1.25     0.00
21        5.00    0.00 1.25  3.75     0.00
22        3.75    0.00 3.75  0.00     5.00
23        5.00    0.00 1.25  0.00     3.75
24        1.25    0.00 5.00  0.00     2.50
25        2.50    0.00 2.50  0.00     1.25
26        5.00    0.00 1.25  3.75     3.75
28        3.75    0.00 5.00  2.50     1.25
29        2.50    0.00 2.50  1.25     5.00
